2002004305
2002972585
2003010510
2003018187
2004069496
2004356724
2006035143
2006322958
2006818272
2006873210
2006959387
2007043983
2007274278
2007302340
2007302355
2007695425
2007706107
2007963045
2008085150
2008635196
2008664341
2008754583
2008872978
2008907813
2008919816
2008982909
2009067992
2009207352
2009462443
2009498686
2009775567
2009926142
2010257698
2010277579
2010339763
2010486703
2010558471
2010563403
2010657334
2010682826
2010688414
2010705054
2010724923
2010729291
2010744414
2010796111
2010798427
2010836774
2010852045
2010863050
2010868165
2010871638
2010877302
2010877986
2010879480
2010882443
2010884016
2010884307
2010884770
2010885172
2010885346
2010885349
2010885406
2010885564
2010885613
2010885678
2010885897
2010886002
2010886118
2010886122
2010886359
2010886523
2010886835
2010886874
2010886969
2010887014
2010887235
2010887298
2010887321
2010887622
2010887971
2010888048
2010888073
2010888365
2010888402
2010888454
2010888512
2010888758
2010888874
2010888951
2010889004
2010889075
2010889078
2010889105
2010889116
2010889186
2010889273
2010889997
2010890159
2110009524
2110009525
